//Type:time1 pos1;time2 pos2;time3 pos3;time4 pos4; etc...

B:0 150,132;3 160,132
B:0 155,131;2 160,131
B:0 155,133;2 160,133
B:0 129,130;7 160,130
B:0 140,155;9 95,215;12 65,225
S:0 110,185;3 110,215
B:0 90,130;10 160,130
B:0 80,130;17 160,130
B:0 77,130;18 160,130
B:0 75,132;18 160,132
B:0 77,134;18 160,134
B:0 67,131;19 160,130
B:0 72,132;15 140,70
B:0 50,190;4 50,210
B:0 82,165;10 55,215
B:0 15,130;33 160,130
B:0 15,134;5 0,134
B:0 2,120;25 0,10
S:0 5,120;17 15,5;26 80,5
K:0 3,115;10 3,0
B:0 11,100;21 11,0
B:0 8,90;20 8,0
K:0 11,90;20 11,0
B:0 13,85;13 13,135
B:0 14,77;16 14,135
B:0 5,70;15 5,0
B:0 6,73;16 6,0
B:0 10,12;7 15,40;30 15,130
B:0 15,12;2 18,10;23 80,10
B:0 13,12;2 18,9;23 80,9
K:0 12,9;7 80,8
B:0 14,2;15 80,2
B:0 57,10;9 57,10;46 40,120;53 30,120;100 30,120
W:0 53,10;9 53,10;46 35,125;53 30,123;100 30,123
W:0 55,12;9 55,12;46 43,120;53 30,118;100 30,118
B:0 55,3;6 80,3
B:0 40,2;8 80,2
B:0 45,5;19 0,5
S:0 50,8;17 13,8;35 13,135
S:9 57,220;27 57,30;31 80,15
W:13 160,135;24 55,135;38 14,137
W:5 120,205;18 100,145;21 95,145;44 95,145;50 80,145;67 55,215
B:20 160,133;32 76,135;44 155,215
B:21 160,134;32 80,135;45 160,215
B:7 0,133;34 85,130;48 160,130
B:7 0,134;34 85,131;48 160,131
K:3 10,135;12 5,135
B:9 5,135;44 13,10;70 80,2
B:13 0,134;17 15,130;54 160,130
B:8 55,215;25 83,131;39 160,131
B:12 52,215;30 83,131;33 105,130;41 160,90
S:31 122,65;36 110,130;40 10,135;51 50,215
B:20 0,131;25 15,130;59 160,130
S:3 10,0;5 13,10;16 13,135
B:0 8,0;38 8,135